a = [1 2 3 4; 5 6 7 8]

b = [9 10; 13 14]

c = [11 12; 15 16]

A = [a; b c]
